[gd_scene load_steps=50 format=3 uid="uid://b2lf28ap3u3o0"]

[ext_resource type="Shader" uid="uid://c70rs3a7nbva2" path="res://SkyShader/SkyShader.tres" id="1_bo1nx"]
[ext_resource type="PackedScene" uid="uid://b1ifm0554gtdb" path="res://addons/boujie_water_shader/prefabs/outset_ocean.tscn" id="2_8gbba"]
[ext_resource type="Gradient" uid="uid://bss21d0wfnjfq" path="res://SkyShader/colourRampSky.tres" id="2_jjvhh"]
[ext_resource type="Texture2D" uid="uid://bv6kbobq5gbe8" path="res://SkyShader/box5.png" id="3_jjvhh"]
[ext_resource type="Script" uid="uid://dc0xjh71ib1m7" path="res://Scenes/MainCam.gd" id="4_ynf5e"]
[ext_resource type="Script" uid="uid://bidyklu47r0k2" path="res://Scenes/Cube.gd" id="5_kry3j"]
[ext_resource type="PackedScene" uid="uid://d4j8c2bite2cd" path="res://RBCharacter/RB_Char.tscn" id="6_21xkr"]
[ext_resource type="PackedScene" uid="uid://lctcsca8amjt" path="res://FloatItems/crate.tscn" id="7_6bp64"]
[ext_resource type="PackedScene" uid="uid://ugvpggev505b" path="res://blender/BrokenrAFTpARTS/broken_boat.tscn" id="7_b3802"]
[ext_resource type="PackedScene" uid="uid://lx0l2fbyrhd5" path="res://Scenes/protective_shield_sphere.tscn" id="7_fdnlq"]
[ext_resource type="Shader" uid="uid://dcko35tc4k343" path="res://addons/nojoule-energy-shield/shield.gdshader" id="8_jkdf5"]
[ext_resource type="Script" uid="uid://b6jg87yr2f1h8" path="res://Scenes/placement_handler.gd" id="9_hptm8"]
[ext_resource type="Texture2D" uid="uid://dnqegf8mxqli" path="res://addons/nojoule-energy-shield/shield_noise.tres" id="9_wsu2k"]
[ext_resource type="ArrayMesh" uid="uid://beyka2ev6yxde" path="res://blender/Raft/RaftMesh.res" id="10_h1bgf"]
[ext_resource type="Script" uid="uid://caq2h6lmf1k54" path="res://Scenes/player_stats.gd" id="10_hptm8"]
[ext_resource type="PackedScene" uid="uid://dt1340cijt1gd" path="res://Scenes/tentical/tentical_2.tscn" id="14_jkdf5"]
[ext_resource type="Script" uid="uid://dj2fma4aphiml" path="res://addons/OSIK/constraints.gd" id="15_wsu2k"]
[ext_resource type="Script" uid="uid://cga6nr73xfrxc" path="res://Scenes/fadeIn.gd" id="16_fevyy"]
[ext_resource type="Script" uid="uid://djgt4n5lk02vr" path="res://Scenes/spawner.gd" id="16_k12tt"]

[sub_resource type="FastNoiseLite" id="FastNoiseLite_8gbba"]
noise_type = 3

[sub_resource type="NoiseTexture2D" id="NoiseTexture2D_21xkr"]
noise = SubResource("FastNoiseLite_8gbba")
color_ramp = ExtResource("2_jjvhh")
seamless = true

[sub_resource type="ShaderMaterial" id="ShaderMaterial_jjvhh"]
shader = ExtResource("1_bo1nx")
shader_parameter/Texture2DParameter = ExtResource("3_jjvhh")
shader_parameter/Vector2Parameter2 = Vector2(0, 0)
shader_parameter/SkyTexture = SubResource("NoiseTexture2D_21xkr")

[sub_resource type="Sky" id="Sky_6bp64"]
sky_material = SubResource("ShaderMaterial_jjvhh")

[sub_resource type="Environment" id="Environment_21xkr"]
background_mode = 2
sky = SubResource("Sky_6bp64")

[sub_resource type="PhysicsMaterial" id="PhysicsMaterial_344ge"]

[sub_resource type="ShaderMaterial" id="ShaderMaterial_3q470"]
render_priority = 1
shader = ExtResource("8_jkdf5")
shader_parameter/_quantization = true
shader_parameter/_steps_quantization = 5
shader_parameter/_object_scale = 15.0
shader_parameter/_object_size = 15.0
shader_parameter/_only_on_wave_visibility = false
shader_parameter/_start_falloff_visibility = 0.5
shader_parameter/_end_falloff_visibility = 0.3
shader_parameter/_time_multiplier_activation = 1.0
shader_parameter/_distance_multiplier_activation = 1.0
shader_parameter/_width_time_activation = 1.0
shader_parameter/_enable_highlight_intersection = true
shader_parameter/_width_highlight_intersection = 1.0
shader_parameter/_noise_texture = ExtResource("9_wsu2k")
shader_parameter/_speed_noise = Vector2(0.02, 0.02)
shader_parameter/_origin_generate = Vector3(0, 0.5, 0)
shader_parameter/_relative_origin_generate = true
shader_parameter/_time_generate = 1.0
shader_parameter/_thickness_generate = 0.25
shader_parameter/_collapse = false
shader_parameter/_color_shield = Color(0.26, 0.975, 1, 1)
shader_parameter/_color_brightness_shield = 15.0
shader_parameter/_intensity_shield = 3.0
shader_parameter/glow_enabled = true
shader_parameter/glow_strength = 0.1
shader_parameter/_active_static = true
shader_parameter/_origin_static = Vector3(0, 0.5, 0)
shader_parameter/_speed_static = 0.1
shader_parameter/_frequency_static = 80.0
shader_parameter/_amplitude_static = 0.002
shader_parameter/_normal_amplitude_static = 0.002
shader_parameter/_effect_radius_static = 1.2
shader_parameter/_active_static_offset_hl = true
shader_parameter/_strength_static_offset_hl = 1.0
shader_parameter/_intensity_static_offset_hl = 5.0
shader_parameter/_relative_origin_static = true
shader_parameter/_origin_impact = PackedVector3Array(0.5, 0, 0, 0, 0, 0, 0, 0, 0, 0, 0, 0, 0, 0, 0)
shader_parameter/_time_impact = PackedFloat32Array(0, 0, 0, 0, 0)
shader_parameter/_frequency_impact = 20.0
shader_parameter/_waves_impact = 0.0
shader_parameter/_fade_waves_impact = 2.0
shader_parameter/_amplitude_impact = 0.1
shader_parameter/_normal_amplitude_impact = 0.05
shader_parameter/_radius_impact = 1.0
shader_parameter/_active_impact_offset_hl = true
shader_parameter/_strength_impact_offset_hl = 1.0
shader_parameter/_intensity_impact_offset_hl = 5.0
shader_parameter/_relative_origin_impact = false
shader_parameter/_active_border = false
shader_parameter/_intensity_border = 2.0
shader_parameter/_percentage_border = 0.1
shader_parameter/_show_normals = false

[sub_resource type="SphereMesh" id="SphereMesh_k12tt"]
resource_local_to_scene = true
material = SubResource("ShaderMaterial_3q470")
radius = 7.5
height = 15.0
radial_segments = 256
rings = 256

[sub_resource type="Curve" id="Curve_h1bgf"]
resource_local_to_scene = true
resource_name = "animation_curve"
_data = [Vector2(0, 0), 0.0, 2.60088, 0, 0, Vector2(0.996183, 1), 0.0, 0.0, 0, 0]
point_count = 2

[sub_resource type="BoxShape3D" id="BoxShape3D_kry3j"]
size = Vector3(10, 1, 10)

[sub_resource type="BoxShape3D" id="BoxShape3D_b3802"]
size = Vector3(9.794922, 5.7487793, 9.0078125)

[sub_resource type="Animation" id="Animation_b3802"]
resource_name = "FadeIn"
tracks/0/type = "value"
tracks/0/imported = false
tracks/0/enabled = true
tracks/0/path = NodePath(".:modulate")
tracks/0/interp = 1
tracks/0/loop_wrap = true
tracks/0/keys = {
"times": PackedFloat32Array(0, 0.5, 1),
"transitions": PackedFloat32Array(1, 1, 1),
"update": 0,
"values": [Color(1, 1, 1, 1), Color(1, 1, 1, 1), Color(1, 1, 1, 0)]
}

[sub_resource type="Animation" id="Animation_fevyy"]
length = 0.001
tracks/0/type = "value"
tracks/0/imported = false
tracks/0/enabled = true
tracks/0/path = NodePath(".:modulate")
tracks/0/interp = 1
tracks/0/loop_wrap = true
tracks/0/keys = {
"times": PackedFloat32Array(0),
"transitions": PackedFloat32Array(1),
"update": 0,
"values": [Color(1, 1, 1, 1)]
}

[sub_resource type="AnimationLibrary" id="AnimationLibrary_hibaj"]
_data = {
&"FadeIn": SubResource("Animation_b3802"),
&"RESET": SubResource("Animation_fevyy")
}

[sub_resource type="Resource" id="Resource_wsu2k"]
script = ExtResource("15_wsu2k")
boneName = "Bone.016"
limitRoll = null

[sub_resource type="Resource" id="Resource_k12tt"]
script = ExtResource("15_wsu2k")
boneName = "Bone.015"
limitRoll = null

[sub_resource type="Resource" id="Resource_h1bgf"]
script = ExtResource("15_wsu2k")
boneName = "Bone.014"
limitRoll = null

[sub_resource type="Resource" id="Resource_b3802"]
script = ExtResource("15_wsu2k")
boneName = "Bone.013"
limitRoll = null

[sub_resource type="Resource" id="Resource_fevyy"]
script = ExtResource("15_wsu2k")
boneName = "Bone.012"
limitRoll = null

[sub_resource type="Resource" id="Resource_hibaj"]
script = ExtResource("15_wsu2k")
boneName = "Bone.011"
limitRoll = null

[sub_resource type="Resource" id="Resource_pdsj5"]
script = ExtResource("15_wsu2k")
boneName = "Bone.010"
limitRoll = null

[sub_resource type="Resource" id="Resource_ee4r6"]
script = ExtResource("15_wsu2k")
boneName = "Bone.009"
limitRoll = null

[sub_resource type="Resource" id="Resource_gt3je"]
script = ExtResource("15_wsu2k")
boneName = "Bone.008"
limitRoll = null

[sub_resource type="Resource" id="Resource_3pmx8"]
script = ExtResource("15_wsu2k")
boneName = "Bone.007"

[sub_resource type="Resource" id="Resource_u50mg"]
script = ExtResource("15_wsu2k")
boneName = "Bone.006"
limitRoll = null

[sub_resource type="Resource" id="Resource_cbgmd"]
script = ExtResource("15_wsu2k")
boneName = "Bone.005"
limitRoll = null

[sub_resource type="Resource" id="Resource_1w6v2"]
script = ExtResource("15_wsu2k")
boneName = "Bone.004"
limitRoll = null

[sub_resource type="Resource" id="Resource_ueoa1"]
script = ExtResource("15_wsu2k")
boneName = "Bone.002"
limitRoll = null

[sub_resource type="Resource" id="Resource_6vcvc"]
script = ExtResource("15_wsu2k")
boneName = "Bone.001"
limitRoll = null

[sub_resource type="BoxShape3D" id="BoxShape3D_k12tt"]
size = Vector3(31.325336, 0.001, 38.57302)

[node name="Main" type="Node3D"]

[node name="DirectionalLight3D" type="DirectionalLight3D" parent="."]
transform = Transform3D(-0.8660254, -0.43301278, 0.25, 0, 0.49999997, 0.86602545, -0.50000006, 0.75, -0.43301266, 0, 0, 0)
shadow_enabled = true

[node name="WorldEnvironment" type="WorldEnvironment" parent="."]
environment = SubResource("Environment_21xkr")

[node name="Camera3D" type="Camera3D" parent="." groups=["camera"]]
transform = Transform3D(0.5769029, -0.5587206, 0.59583086, 0, 0.72945833, 0.6840253, -0.81681275, -0.39461622, 0.4208266, 18.869951, 14.44049, 1.3340216)
script = ExtResource("4_ynf5e")

[node name="RayCast3D" type="RayCast3D" parent="Camera3D"]
transform = Transform3D(1, 0, 0, 0, 1, 0, 0, 0, 0.99999994, 0, 0, 0)

[node name="OutsetOcean" parent="." groups=["water"] instance=ExtResource("2_8gbba")]
transform = Transform3D(1, 0, 0, 0, 1, 0, 0, 0, 1, 0.31085634, 0, 0.45859802)

[node name="RigidBody3D" type="RigidBody3D" parent="." node_paths=PackedStringArray("floatiesnode") groups=["CrackenTarget"]]
mass = 8000.0
physics_material_override = SubResource("PhysicsMaterial_344ge")
script = ExtResource("5_kry3j")
brokenShipScene = ExtResource("7_b3802")
float_offset = 1.5
floatiesnode = NodePath("floats")

[node name="ShieldSphere" parent="RigidBody3D" instance=ExtResource("7_fdnlq")]
mesh = SubResource("SphereMesh_k12tt")
animation_curve = SubResource("Curve_h1bgf")

[node name="RaftMesh" type="MeshInstance3D" parent="RigidBody3D"]
mesh = ExtResource("10_h1bgf")

[node name="CollisionShape3D2" type="CollisionShape3D" parent="RigidBody3D"]
shape = SubResource("BoxShape3D_kry3j")

[node name="floats" type="Marker3D" parent="RigidBody3D"]
transform = Transform3D(1, 0, 0, 0, 1, 0, 0, 0, 1, 0, 0.38225728, 0)

[node name="float" type="Marker3D" parent="RigidBody3D/floats"]
transform = Transform3D(1, 0, 0, 0, 1, 0, 0, 0, 1, -4.359951, 0, -4.5777006)

[node name="float2" type="Marker3D" parent="RigidBody3D/floats"]
transform = Transform3D(1, 0, 0, 0, 1, 0, 0, 0, 1, 0, 0, -4.5777006)

[node name="float3" type="Marker3D" parent="RigidBody3D/floats"]
transform = Transform3D(1, 0, 0, 0, 1, 0, 0, 0, 1, 4.471534, 0, -4.5777006)

[node name="float4" type="Marker3D" parent="RigidBody3D/floats"]
transform = Transform3D(1, 0, 0, 0, 1, 0, 0, 0, 1, -4.359951, 0, 0)

[node name="float5" type="Marker3D" parent="RigidBody3D/floats"]

[node name="float6" type="Marker3D" parent="RigidBody3D/floats"]
transform = Transform3D(1, 0, 0, 0, 1, 0, 0, 0, 1, 4.471534, 0, 0)

[node name="float7" type="Marker3D" parent="RigidBody3D/floats"]
transform = Transform3D(1, 0, 0, 0, 1, 0, 0, 0, 1, -4.359951, 0, 4.4910793)

[node name="float8" type="Marker3D" parent="RigidBody3D/floats"]
transform = Transform3D(1, 0, 0, 0, 1, 0, 0, 0, 1, 0, 0, 4.4910793)

[node name="float9" type="Marker3D" parent="RigidBody3D/floats"]
transform = Transform3D(1, 0, 0, 0, 1, 0, 0, 0, 1, 4.471534, 0, 4.4910793)

[node name="PointZone" type="Area3D" parent="RigidBody3D"]
input_ray_pickable = false

[node name="CollisionShape3D" type="CollisionShape3D" parent="RigidBody3D/PointZone"]
transform = Transform3D(1, 0, 0, 0, 1, 0, 0, 0, 1, 0, 3.4233398, 0)
shape = SubResource("BoxShape3D_b3802")

[node name="RigidBody3D2" parent="." node_paths=PackedStringArray("camera") groups=["CrackenTarget", "Player"] instance=ExtResource("6_21xkr")]
transform = Transform3D(1, 0, 0, 0, 1, 0, 0, 0, 1, -0.21644783, 2.1217723, 0.15811825)
camera = NodePath("../Camera3D")

[node name="Crate" parent="." instance=ExtResource("7_6bp64")]
transform = Transform3D(1, 0, 0, 0, 1, 0, 0, 0, 1, -15.778242, -5.7464347, -15.887892)

[node name="Crate2" parent="." instance=ExtResource("7_6bp64")]
transform = Transform3D(1, 0, 0, 0, 1, 0, 0, 0, 1, -15.841692, -5.7464347, -9.104376)

[node name="Crate3" parent="." instance=ExtResource("7_6bp64")]
transform = Transform3D(1, 0, 0, 0, 1, 0, 0, 0, 1, -8.656628, -5.7464347, -8.709786)

[node name="Crate4" parent="." instance=ExtResource("7_6bp64")]
transform = Transform3D(1, 0, 0, 0, 1, 0, 0, 0, 1, -15.712294, -5.7464347, -11.235644)

[node name="Crate5" parent="." instance=ExtResource("7_6bp64")]
transform = Transform3D(1, 0, 0, 0, 1, 0, 0, 0, 1, -12.484466, -5.7464347, -9.645458)

[node name="Crate6" parent="." instance=ExtResource("7_6bp64")]
transform = Transform3D(1, 0, 0, 0, 1, 0, 0, 0, 1, -19.32523, -4.7464347, -9.842275)

[node name="PlacementHandler" type="Node3D" parent="." groups=["PlacementHandler"]]
script = ExtResource("9_hptm8")

[node name="PlayerStats" type="Node" parent="." groups=["PlayStats"]]
script = ExtResource("10_hptm8")

[node name="CanvasLayer" type="CanvasLayer" parent="."]

[node name="Control" type="Control" parent="CanvasLayer"]
layout_mode = 3
anchors_preset = 15
anchor_right = 1.0
anchor_bottom = 1.0
grow_horizontal = 2
grow_vertical = 2
mouse_filter = 2

[node name="ManaBar" type="ProgressBar" parent="CanvasLayer/Control" groups=["manaBar"]]
custom_minimum_size = Vector2(400, 50)
layout_mode = 0
offset_right = 4.0
offset_bottom = 27.0
max_value = 60.0
value = 60.0

[node name="HBoxContainer" type="HBoxContainer" parent="CanvasLayer/Control"]
layout_mode = 1
anchors_preset = 10
anchor_right = 1.0
offset_bottom = 23.0
grow_horizontal = 2
alignment = 1

[node name="MarginContainer" type="MarginContainer" parent="CanvasLayer/Control/HBoxContainer"]
layout_mode = 2
theme_override_constants/margin_left = 5
theme_override_constants/margin_top = 15
theme_override_constants/margin_right = 5
theme_override_constants/margin_bottom = 15

[node name="CrateLable" type="Label" parent="CanvasLayer/Control/HBoxContainer/MarginContainer"]
layout_mode = 2
text = "Crates Collected"

[node name="MarginContainer2" type="MarginContainer" parent="CanvasLayer/Control/HBoxContainer"]
layout_mode = 2

[node name="CrateCountLable" type="Label" parent="CanvasLayer/Control/HBoxContainer/MarginContainer2" groups=["crateCount"]]
layout_mode = 2

[node name="Timer" type="MarginContainer" parent="CanvasLayer/Control"]
layout_mode = 1
anchors_preset = 1
anchor_left = 1.0
anchor_right = 1.0
offset_left = -40.0
offset_bottom = 40.0
grow_horizontal = 0
theme_override_constants/margin_left = 5
theme_override_constants/margin_top = 15
theme_override_constants/margin_right = 15
theme_override_constants/margin_bottom = 15

[node name="HBoxContainer" type="VBoxContainer" parent="CanvasLayer/Control/Timer"]
layout_mode = 2
alignment = 1

[node name="timerLable" type="Label" parent="CanvasLayer/Control/Timer/HBoxContainer"]
layout_mode = 2
text = "Time Till Rescue"
horizontal_alignment = 1

[node name="TimerCountLable" type="Label" parent="CanvasLayer/Control/Timer/HBoxContainer" groups=["timerText"]]
layout_mode = 2
theme_override_font_sizes/font_size = 33
text = "01:30"
horizontal_alignment = 1

[node name="ColorRect" type="ColorRect" parent="CanvasLayer"]
anchors_preset = 15
anchor_right = 1.0
anchor_bottom = 1.0
grow_horizontal = 2
grow_vertical = 2
mouse_filter = 2
color = Color(0, 0, 0, 1)

[node name="AnimationPlayer" type="AnimationPlayer" parent="CanvasLayer/ColorRect"]
libraries = {
&"": SubResource("AnimationLibrary_hibaj")
}
script = ExtResource("16_fevyy")

[node name="tentical2" parent="." instance=ExtResource("14_jkdf5")]
transform = Transform3D(0.014468223, 0, -0.99989533, 0, 0.9999999, 0, 0.99989545, 0, 0.014468253, 0.98489, -34.486378, -16.716652)

[node name="Skeleton3D" parent="tentical2/Armature" index="0"]
transform = Transform3D(1.0000002, 0, 0, 0, 1, 0, 0, 0, 1.0000002, 0, 0, 0)

[node name="tentical" parent="tentical2/Armature/Skeleton3D" index="0"]
transform = Transform3D(1, 0, 0, 0, 1, 0, -2.9802322e-08, 0, 1, 0, 0, 0)

[node name="OSIK" parent="tentical2/Armature/Skeleton3D" index="1"]
transform = Transform3D(0.7786062, 0, 0.6275157, 0, 1, 0, -0.6275157, 0, 0.7786062, 0, 0, 0)
IKLength = 15
slerpSpeed = 0.1
Limits = Array[ExtResource("15_wsu2k")]([SubResource("Resource_wsu2k"), SubResource("Resource_k12tt"), SubResource("Resource_h1bgf"), SubResource("Resource_b3802"), SubResource("Resource_fevyy"), SubResource("Resource_hibaj"), SubResource("Resource_pdsj5"), SubResource("Resource_ee4r6"), SubResource("Resource_gt3je"), SubResource("Resource_3pmx8"), SubResource("Resource_u50mg"), SubResource("Resource_cbgmd"), SubResource("Resource_1w6v2"), SubResource("Resource_ueoa1"), SubResource("Resource_6vcvc")])

[node name="BoneAttachment3D" parent="tentical2/Armature/Skeleton3D" index="2"]
transform = Transform3D(1, 0, 0, 0, 1, 0, 0, 0, 1, 0, 0, 0)

[node name="BoneAttachment3D2" parent="tentical2/Armature/Skeleton3D" index="3"]
transform = Transform3D(0.8923474, 0.45125076, 0.009424364, -0.45125073, 0.8915224, 0.039504416, 0.009424365, -0.039504416, 0.99917495, 0, 1, 0)

[node name="BoneAttachment3D3" parent="tentical2/Armature/Skeleton3D" index="4"]
transform = Transform3D(0.8762576, 0.48176023, 0.008923901, -0.48172268, 0.8754751, 0.03855661, 0.010762387, -0.038084373, 0.9992165, 0.9024992, 2.7830448, -0.07900867)

[node name="BoneAttachment3D4" parent="tentical2/Armature/Skeleton3D" index="5"]
transform = Transform3D(0.842799, 0.5381137, 0.01111702, -0.53814757, 0.84213454, 0.03474089, 0.009332525, -0.035262194, 0.9993344, 1.8660176, 4.5339956, -0.15517727)

[node name="BoneAttachment3D5" parent="tentical2/Armature/Skeleton3D" index="6"]
transform = Transform3D(0.7896296, 0.6133979, 0.015105266, -0.6135635, 0.7891639, 0.027573148, 0.004992783, -0.031040616, 0.9995056, 2.9422429, 6.2182636, -0.2257015)

[node name="BoneAttachment3D6" parent="tentical2/Armature/Skeleton3D" index="7"]
transform = Transform3D(0.71510965, 0.6987915, 0.017562982, -0.6990121, 0.7148709, 0.018477364, 0.00035656337, -0.025490075, 0.99967504, 4.169036, 7.7965918, -0.28778258)

[node name="BoneAttachment3D7" parent="tentical2/Armature/Skeleton3D" index="8"]
transform = Transform3D(0.61969507, 0.78467584, 0.016172322, -0.7848391, 0.6196207, 0.009868215, -0.0022773517, -0.018807953, 0.9998205, 5.566616, 9.226334, -0.33876264)

[node name="BoneAttachment3D8" parent="tentical2/Armature/Skeleton3D" index="9"]
transform = Transform3D(0.5064924, 0.8621671, 0.011533229, -0.86223716, 0.5064972, 0.0027201623, -0.0034963123, -0.0113221165, 0.99992967, 7.1359634, 10.465575, -0.37637848)

[node name="BoneAttachment3D9" parent="tentical2/Armature/Skeleton3D" index="10"]
transform = Transform3D(0.38106143, 0.92453307, 0.005558819, -0.92452896, 0.38108635, -0.0044218116, -0.0062065003, -0.0034543024, 0.9999748, 8.860294, 11.478571, -0.3990226)

[node name="BoneAttachment3D10" parent="tentical2/Armature/Skeleton3D" index="11"]
transform = Transform3D(0.25048906, 0.9681191, -0.0010201163, -0.96803594, 0.25045338, -0.013418617, -0.012735328, 0.0043487283, 0.9999096, 10.709357, 12.240743, -0.4059313)

[node name="BoneAttachment3D11" parent="tentical2/Armature/Skeleton3D" index="12"]
transform = Transform3D(0.12189801, 0.9925034, -0.008850074, -0.99228334, 0.12165754, -0.0239425, -0.022686327, 0.011700328, 0.9996742, 12.645592, 12.74165, -0.39723384)

[node name="BoneAttachment3D12" parent="tentical2/Armature/Skeleton3D" index="13"]
transform = Transform3D(0.0010542846, 0.99983156, -0.018307012, -0.99943876, 0.00044057454, -0.033497564, -0.03348387, 0.018332047, 0.999271, 14.630592, 12.984966, -0.3738331)

[node name="AnimatableBody3D" parent="tentical2/Armature/Skeleton3D/BoneAttachment3D12" index="0"]
transform = Transform3D(1, 7.450581e-09, -2.9802322e-08, -3.7252903e-09, 1, 1.21071935e-08, 2.9802322e-08, 1.0244548e-08, 0.9999999, -0.2103486, -0.0854764, 0.026741028)

[node name="BoneAttachment3D13" parent="tentical2/Armature/Skeleton3D" index="14"]
transform = Transform3D(-0.10839856, 0.9936953, -0.028625919, -0.99318886, -0.10949101, -0.039836794, -0.042719897, 0.024112705, 0.9987959, 16.63025, 12.985845, -0.3371693)

[node name="BoneAttachment3D14" parent="tentical2/Armature/Skeleton3D" index="15"]
transform = Transform3D(-0.20489031, 0.97801965, -0.038689643, -0.97750866, -0.20648117, -0.042928595, -0.04997372, 0.029023789, 0.9983287, 18.61764, 12.766865, -0.28894374)

[node name="BoneAttachment3D15" parent="tentical2/Armature/Skeleton3D" index="16"]
transform = Transform3D(-0.28834063, 0.9563185, -0.048122607, -0.9558491, -0.2904461, -0.044639714, -0.056666728, 0.03312654, 0.9978435, 20.573673, 12.353902, -0.23089631)

[node name="target" parent="tentical2/Armature" index="1"]
transform = Transform3D(0.9430256, 0, 0.3327205, 0, 1, 0, -0.3327205, 0, 0.9430256, -17.867868, 17.543377, 0)

[node name="Spawner" type="Area3D" parent="."]
transform = Transform3D(0.014468223, 0, -0.99989533, 0, 0.9999999, 0, 0.99989545, 0, 0.014468253, 0.98489, -34.486378, -16.716652)
collision_layer = 0
collision_mask = 0
monitoring = false
monitorable = false
script = ExtResource("16_k12tt")

[node name="CollisionShape3D" type="CollisionShape3D" parent="Spawner"]
transform = Transform3D(1, 0, 0, 0, 1, 0, 0, 0, 1, -3.9104843, 0.49950027, 1.0052774)
shape = SubResource("BoxShape3D_k12tt")

[connection signal="body_entered" from="RigidBody3D" to="RigidBody3D" method="_on_body_entered"]
[connection signal="body_entered" from="RigidBody3D/PointZone" to="PlayerStats" method="_on_point_zone_body_entered"]
[connection signal="body_exited" from="RigidBody3D/PointZone" to="PlayerStats" method="_on_point_zone_body_exited"]

[editable path="tentical2"]
